90 1919 1079
530 310 3 1 2 44
760 245 2 0 3
557 361 3 0 3 4
788 290 3 1 2 5
580 411 3 2 5 6
817 335 4 3 4 10 17
590 439 3 4 7 39
608 475 3 6 8 41
638 538 3 7 9 34
654 552 3 8 10 32
908 480 4 5 9 21 89
1064 424 2 89 12
1071 399 3 11 13 14
1140 374 1 12
1018 320 2 12 15
990 280 3 14 16 17
1173 228 3 15 20 56
910 307 3 5 15 18
810 155 4 17 19 55 56
720 195 3 1 18 53
1270 330 2 16 38
1000 600 4 10 22 30 36
1216 500 2 21 23
1254 510 2 22 27
1400 690 3 25 27 28
1220 780 2 24 26
1127 627 2 25 27
1285 550 4 23 24 26 81
1512 640 3 24 29 37
1784 770 1 28
814 687 2 21 31
800 666 2 30 32
711 694 3 9 31 33
555 745 2 32 34
493 587 3 8 33 35
335 641 2 34 42
1147 777 1 21
1422 506 2 28 38
1359 430 3 20 37 81
512 463 3 6 40 43
320 522 2 39 41
295 578 3 7 40 42
165 695 2 35 41
442 286 2 39 44
463 252 3 0 43 45
420 222 3 44 46 52
390 204 3 45 47 51
361 182 3 46 48 50
330 154 2 47 49
486 53 2 48 50
512 83 3 47 49 51
543 101 3 46 50 52
575 120 3 45 51 53
620 140 3 19 52 54
712 73 2 53 55
774 61 2 18 54
1050 90 3 16 18 82
1330 312 3 20 58 61
1254 220 1 57
1370 300 2 57 60
1403 336 2 61 75
1369 353 2 60 62
1491 491 3 61 63 72
1545 551 2 62 64
1647 514 3 63 65 72
1697 491 3 64 66 70
1740 474 3 65 67 69
1784 456 2 66 68
1706 376 3 67 69 79
1663 394 3 66 68 70
1617 412 3 65 69 71
1588 384 3 70 73 78
1590 453 3 62 64 73
1543 400 4 71 72 74 76
1508 400 2 73 75
1440 322 3 60 74 76
1463 314 3 73 75 77
1509 300 3 76 78 80
1542 337 3 71 77 79
1635 304 3 68 78 80
1600 270 2 77 79
1297 463 2 27 38
1161 61 2 56 83
1228 134 3 82 84 88
1307 210 3 83 85 87
1337 238 2 84 86
1507 185 2 85 87
1480 156 3 84 86 88
1404 85 2 83 87
990 450 2 10 11